tunis_node={
	location=1614
	color={
		146 134 57 
	}
	outgoing={
		name="napoli_node"
		path={
			1730 1720 1546 1708 1642 
		}
		control={
			4001.000000 179.000000 4070.000000 286.000000 4181.000000 350.000000 4265.000000 400.000000 
		}
	}
	outgoing={
		name="barcelona_node"
		path={
			1613 1547 1728 1615 1740 1331 1955 
		}
		control={
			3884.000000 154.000000 3690.000000 282.000000 3553.000000 303.000000 3443.000000 401.000000 3331.000000 469.000000 3241.000000 551.000000 
		}
	}
	members={
		586 692 2932 1153 2583 2576 697 590 984 1995 220 1836 1614 428 517 529 530 568 651 652 655 1186 1187 1192 2089 2710 1946 700 2673 2298 639 423 789 2549 2487 2570 580 2755 2854 2164 666 2159 704 2186 425 1017 2106 4086 870 872 939 2479 2531 899 2587 925 924 824 2819 2522 821 2639 
	}
}
constantinople_node={
	location=1424
	color={
		149 45 102 
	}
	outgoing={
		name="kerkyra_node"
		path={
			2117 708 2390 2391 1066 
		}
		control={
			4992.000000 436.000000 4927.000000 461.000000 4869.000000 511.000000 4809.000000 480.000000 
		}
	}
	members={
		2233 1049 1054 2675 1051 57 1052 2102 1022 2682 2446 1060 1062 1059 2397 2435 1045 582 2395 2676 1952 573 663 2062 717 2189 2339 716 597 2342 401 599 2341 2453 68 2472 2813 2318 1053 356 2182 570 355 2747 594 1058 1828 352 2788 2686 2674 2684 2683 2679 2678 383 1424 1427 1421 1088 2486 19 2966 4287 4286 
	}
}
kerkyra_node={
	location=624
	color={
		211 172 185 
	}
	outgoing={
		name="beograd_node"
		path={
			1066 2391 2390 2355 2066 2045 
		}
		control={
			4844.000000 420.000000 4809.000000 480.000000 4869.000000 511.000000 4922.000000 550.000000 4916.000000 610.000000 
		}
	}
	outgoing={
		name="ragusa_node"
		path={
			1066 2391 1413 1418 2348 137 
		}
		control={
			4844.000000 420.000000 4809.000000 480.000000 4728.000000 527.000000 4682.000000 647.000000 4656.000000 692.000000 
		}
	}
	members={
		624 2193 581 719 2398 2117 2066 2355 562 2828 601 718 2391 2394 713 2347 612 2335 591 2277 2386 2387 2388 1209 2773 392 1066 2687 623 404 565 630 622 2688 1817 389 614 689 611 1215 400 659 2346 603 2404 2403 600 1082 2786 2191 708 2390 714 595 2393 503 2332 596 2677 977 2150 2190 1063 2322 2371 
	}
}
napoli_node={
	location=1642
	color={
		100 50 150 
	}
	outgoing={
		name="roma_node"
		path={
			1624 2235 
		}
		control={
			4187.000000 528.000000 
		}
	}
	outgoing={
		name="ragusa_node"
		path={
			2033 2030 1176 2223 1634 1417 1418 2348 137 
		}
		control={
			4364.000000 474.000000 4421.000000 472.000000 4434.000000 511.000000 4464.000000 535.000000 4550.000000 547.000000 4637.000000 587.000000 4682.000000 647.000000 4656.000000 692.000000 
		}
	}
	members={
		2234 2087 833 2880 2082 566 2098 564 556 2216 1180 2046 2042 524 2053 1642 1188 1189 2950 2223 431 2049 1176 435 2030 2033 2218 1184 436 2220 2094 2037 560 2055 1182 2222 2865 2703 525 1179 638 2952 796 555 2095 2091 2097 2041 559 2711 2709 551 2029 531 528 433 523 637 2040 1877 1089 488 2149 682 1768 3191 
	}
}
ragusa_node={
	location=137
	color={
		160 82 128 
	}
	outgoing={
		name="roma_node"
		path={
			2055 2222 2865 1786 2036 
		}
		control={
			4259.000000 671.000000 4216.000000 667.000000 4183.000000 678.000000 4137.000000 693.000000 
		}
	}
	outgoing={
		name="budapest_node"
		path={
			533 2443 480 2433 1068 472 2369 2072 1076 441 444 
		}
		control={
			4636.000000 744.000000 4652.000000 790.000000 4620.000000 840.000000 4647.000000 883.000000 4603.000000 949.000000 4580.000000 1012.000000 4633.000000 1037.000000 4661.000000 1078.000000 4695.000000 1137.000000 4674.000000 1202.000000 
		}
	}
	outgoing={
		name="venice"
		path={
			1963 1631 1637 1645 1643 1646 484 1627 
		}
		control={
			4588.000000 729.000000 4490.000000 771.000000 4365.000000 871.000000 4297.000000 900.000000 4221.000000 953.000000 4174.000000 1008.000000 4150.000000 1034.000000 
		}
	}
	members={
		318 2420 2421 1079 2076 1081 1804 507 1972 1964 1083 473 474 2367 797 2340 791 2348 137 1963 475 305 303 2418 461 533 535 557 677 1068 1815 2085 2120 2433 2443 779 1065 2075 2118 2379 2349 1780 2047 2236 470 1080 2214 2368 2974 511 480 2119 534 271 707 2380 598 2044 2081 2060 2521 2038 133 902 2436 890 
	}
}
venice={
	location=1627
	color={
		54 167 156 
	}
	outgoing={
		name="vienna_node"
		path={
			1646 1647 954 129 670 958 945 1821 703 1816 665 2181 
		}
		control={
			4174.000000 1008.000000 4210.000000 1037.000000 4242.000000 1046.000000 4268.000000 1049.000000 4314.000000 1069.000000 4319.000000 1097.000000 4367.000000 1121.000000 4372.000000 1172.000000 4394.000000 1195.000000 4430.000000 1215.000000 4453.000000 1262.000000 
		}
	}
	outgoing={
		name="innsbruck_node"
		path={
			485 1774 1830 489 1013 987 2174 
		}
		control={
			4116.000000 1027.000000 4122.000000 1066.000000 4099.000000 1104.000000 4069.000000 1125.000000 4049.000000 1142.000000 4070.000000 1197.000000 
		}
	}
	outgoing={
		name="zurich_node"
		path={
			2103 2656 1020 110 1820 2269 4128 1873 175 211 2987 2246 2255 
		}
		control={
			4074.000000 1012.000000 4042.000000 1041.000000 3994.000000 1062.000000 3959.000000 1086.000000 3932.000000 1067.000000 3923.000000 1119.000000 3903.000000 1111.000000 3899.000000 1143.000000 3849.000000 1146.000000 3829.000000 1159.000000 3843.000000 1191.000000 3820.000000 1217.000000 
		}
	}
	members={
		112 485 484 2654 1774 2656 1830 731 1019 2103 1018 1769 2655 1797 111 2659 487 2734 2977 729 1862 2901 129 464 943 946 113 4127 947 954 469 130 2365 169 1627 1021 2110 2187 1020 1996 110 1235 
	}
}
roma_node={
	location=2235
	color={
		211 220 178 
	}
	outgoing={
		name="pisa_node"
		path={
			1835 2706 2019 1024 117 1813 640 
		}
		control={
			4098.000000 643.000000 4082.000000 676.000000 4084.000000 720.000000 4042.000000 742.000000 4023.000000 772.000000 4013.000000 795.000000 
		}
	}
	outgoing={
		name="genua"
		path={
			1353 1352 1618 
		}
		control={
			4049.000000 625.000000 3936.000000 736.000000 
		}
	}
	members={
		2707 1835 2706 2708 2235 2036 2485 2034 1786 1839 2019 2607 2124 2716 2334 973 1787 2422 874 2444 2129 2484 2194 1033 2610 1023 2605 1801 1173 1784 1026 2602 2604 715 1779 1048 2603 1031 2018 1805 1837 2612 1095 1098 974 2105 
	}
}
pisa_node={
	location=640
	color={
		236 47 47 
	}
	outgoing={
		name="genua"
		path={
			2022 2980 2226 2590 2740 2613 1619 
		}
		control={
			3978.000000 840.000000 3942.000000 849.000000 3919.000000 848.000000 3908.000000 862.000000 3896.000000 865.000000 3855.000000 885.000000 
		}
	}
	outgoing={
		name="milan_node"
		path={
			2022 1025 106 648 499 
		}
		control={
			3978.000000 840.000000 3964.000000 880.000000 3955.000000 924.000000 3924.000000 940.000000 
		}
	}
	members={
		2297 323 506 1024 732 1843 117 1030 2600 2077 646 2595 647 2978 1028 319 2601 1813 640 2705 1847 976 2022 642 115 2980 1808 2226 2296 1247 321 2025 1025 2283 2111 979 
	}
}
lisbon_node={
	location=1135
	color={
		57 160 101 
	}
	outgoing={
		name="madrid_node"
		path={
			4459 2253 4460 4383 1211 446 4392 2178 4401 1208 
		}
		control={
			2209.000000 283.000000 2258.000000 309.000000 2312.000000 351.000000 2407.000000 367.000000 2464.000000 342.000000 2518.000000 402.000000 2567.000000 410.000000 2601.000000 398.000000 
		}
	}
	outgoing={
		name="sevilla_node"
		path={
			4459 1126 4476 4389 1834 4420 1867 
		}
		control={
			2191.000000 254.000000 2262.000000 251.000000 2317.000000 248.000000 2366.000000 227.000000 2411.000000 218.000000 2452.000000 165.000000 
		}
	}
	members={
		1135 1128 1121 2344 312 744 2252 742 1126 2249 2253 743 2264 2265 2263 2243 2593 690 2581 2023 728 496 2951 1234 1147 740 644 2723 2724 4323 4324 4325 4326 4327 4328 4329 4330 4331 4332 4333 4444 4445 4446 4447 4448 4449 4450 4451 4452 4453 4454 4465 4455 4456 4477 4478 4457 4458 4459 4460 4476 4464 4471 4467 4468 4469 4470 4461 4463 4472 4473 
	}
}
sevilla_node={
	location=1867
	color={
		120 188 31 
	}
	outgoing={
		name="madrid_node"
		path={
			1202 4443 4418 4419 4393 4405 4482 4401 1208 
		}
		control={
			2476.000000 150.000000 2517.000000 181.000000 2506.000000 233.000000 2543.000000 264.000000 2575.000000 293.000000 2590.000000 328.000000 2598.000000 356.000000 2604.000000 380.000000 
		}
	}
	members={
		9 403 80 1974 2374 2333 443 74 1225 1206 2 2670 2669 619 290 1220 2882 264 761 2920 284 1230 1867 1 801 385 2968 20 395 1834 1202 767 2138 2503 1212 4397 4400 4402 4403 4404 4405 4406 4414 4415 4416 4417 4418 4419 4420 4479 4480 4421 4422 4423 4424 4425 4426 4427 4428 4429 4430 4431 4432 4433 4434 4436 4437 4439 4440 4441 4442 4443 4462 4389 4384 4385 4393 4466 4487 4435 2183 4412 
	}
}
madrid_node={
	location=1208
	color={
		193 171 8 
	}
	outgoing={
		name="barcelona_node"
		path={
			2777 4398 4399 990 4314 2052 1336 1955 
		}
		control={
			2692.000000 418.000000 2737.000000 459.000000 2759.000000 494.000000 2845.000000 528.000000 2921.000000 570.000000 3043.000000 570.000000 3125.000000 505.000000 
		}
	}
	outgoing={
		name="bordeaux_node"
		path={
			1236 1106 1221 4371 4375 1108 4029 4032 1366 1367 1363 
		}
		control={
			2662.000000 440.000000 2708.000000 472.000000 2718.000000 519.000000 2711.000000 577.000000 2698.000000 637.000000 2733.000000 674.000000 2756.000000 715.000000 2793.000000 760.000000 2794.629883 807.539978 2844.000000 877.000000 
		}
	}
	members={
		4334 4335 4336 4337 4338 4339 4340 4341 4342 4343 4344 4345 4346 4347 4348 4349 4350 4351 4352 4353 4354 4355 4356 4357 4358 4359 4488 4361 4362 4363 4364 4365 4366 4367 4368 4369 4370 4371 4372 4373 4374 4375 4376 4377 4378 4379 4380 4381 4382 4383 4386 4387 4388 4390 4391 4392 4396 4398 4399 4394 4395 4401 2721 2718 645 788 519 1237 2720 2599 4029 4032 520 2160 4094 2739 1108 2719 1236 2714 1106 4028 844 2722 1208 1008 1195 571 42 1211 2777 1221 2850 2109 2178 446 2337 777 4474 4413 
	}
}
barcelona_node={
	location=1955
	color={
		213 132 76 
	}
	outgoing={
		name="marseille_node"
		path={
			1331 1701 1723 1330 2671 
		}
		control={
			3252.000000 625.000000 3335.000000 641.000000 3380.000000 696.000000 3480.000000 746.000000 
		}
	}
	outgoing={
		name="bordeaux_node"
		path={
			1178 4030 567 2160 4094 2289 832 4068 4109 
		}
		control={
			3129.000000 592.000000 2990.000000 630.000000 2897.000000 661.000000 2851.000000 725.000000 2852.000000 758.000000 2886.000000 771.000000 2881.000000 816.000000 2894.000000 849.000000 
		}
	}
	members={
		4293 4294 4295 4296 4297 4298 4299 4300 4301 4302 4303 4304 4305 4306 4307 4308 4309 4310 4311 4312 4313 4314 4315 4316 4317 4318 4319 4320 4321 4322 4408 4409 4410 4411 4438 1370 1371 1396 1436 1689 1690 2052 711 567 4026 4030 1219 432 1178 515 1245 668 1955 1109 2597 1181 2051 516 2054 4076 521 2881 871 738 917 849 313 2024 237 2336 2693 465 2782 702 2134 267 769 2702 2701 653 191 2873 784 926 1788 1790 1791 1793 1193 4475 4486 4485 2792 2791 4407 
	}
}
marseille_node={
	location=2671
	color={
		93 160 163 
	}
	outgoing={
		name="genua"
		path={
			2558 1329 1453 1619 
		}
		control={
			3569.000000 781.000000 3632.000000 772.000000 3738.000000 824.000000 
		}
	}
	outgoing={
		name="besancon_node"
		path={
			991 1001 2231 2058 544 2565 982 2891 
		}
		control={
			3515.000000 804.000000 3501.000000 849.000000 3462.000000 903.000000 3454.500000 955.000000 3464.000000 1013.000000 3476.000000 1101.000000 3512.000000 1140.000000 
		}
	}
	outgoing={
		name="tours_node"
		path={
			989 527 2924 1270 1269 2892 4053 1276 4074 4108 1175 2489 
		}
		control={
			3428.000000 809.000000 3389.000000 880.000000 3311.000000 934.000000 3278.000000 989.000000 3239.000000 1017.000000 3238.000000 1062.000000 3198.000000 1081.000000 3176.000000 1125.000000 3133.000000 1149.000000 3074.000000 1152.000000 3085.000000 1207.000000 
		}
	}
	members={
		202 200 2558 991 2671 989 1001 201 964 800 2231 2092 1949 4050 4058 2924 527 2056 2894 4056 4061 550 4071 4065 4063 4027 2896 306 4073 228 546 2050 544 2058 545 532 968 1087 970 4041 4055 2286 1753 1268 1269 1270 1283 1284 1285 1785 
	}
}
genua={
	location=1619
	color={
		218 215 56 
	}
	outgoing={
		name="milan_node"
		path={
			2560 493 1825 501 1818 
		}
		control={
			3796.500000 903.500000 3802.000000 941.000000 3796.000000 982.000000 3824.000000 1017.000000 
		}
	}
	members={
		2613 2560 969 2992 2251 2839 2608 650 1803 1806 1814 1812 2584 2562 2010 649 727 1800 2086 2559 1007 2580 1986 1244 992 2262 2590 2740 2123 1783 2440 1881 493 966 1111 1096 578 2108 490 956 898 1009 1006 366 368 2002 1127 367 1619 
	}
}
milan_node={
	location=1818
	color={
		166 108 146 
	}
	outgoing={
		name="zurich_node"
		path={
			2291 1136 1118 1120 1131 1123 
		}
		control={
			3803.000000 1093.000000 3781.000000 1119.000000 3768.000000 1146.000000 3779.000000 1170.000000 3787.000000 1196.000000 
		}
	}
	members={
		1000 2589 1988 2742 1820 107 1818 2291 2717 2725 494 1014 1782 1136 501 500 1825 499 104 2015 1798 730 1012 106 972 1243 2425 2426 1781 1241 1989 109 2104 2713 492 648 2585 2270 
	}
}
besancon_node={
	location=2990
	color={
		250 80 80 
	}
	outgoing={
		name="champagne_node"
		path={
			2579 994 4048 1199 183 
		}
		control={
			3536.000000 1250.000000 3526.000000 1291.000000 3443.000000 1326.000000 3362.000000 1359.000000 
		}
	}
	outgoing={
		name="zurich_node"
		path={
			2567 1156 2275 2245 2248 1123 
		}
		control={
			3592.000000 1212.000000 3646.000000 1230.000000 3694.000000 1241.000000 3721.000000 1249.000000 3745.000000 1238.000000 
		}
	}
	outgoing={
		name="metz_node"
		path={
			985 189 32 30 869 2575 34 
		}
		control={
			3576.000000 1252.000000 3585.000000 1305.000000 3576.000000 1328.000000 3542.000000 1349.000000 3551.000000 1380.000000 3578.000000 1414.000000 
		}
	}
	members={
		982 2569 2582 2990 2567 2579 985 994 2577 1770 4038 4034 2922 4040 4037 765 4046 4039 4045 4047 759 983 981 2917 4036 2891 752 2885 2915 4048 749 2778 2916 2565 427 504 193 2898 1754 906 2892 4053 1246 4043 526 541 1263 1271 1275 
	}
}
zurich_node={
	location=1123
	color={
		171 138 124 
	}
	outgoing={
		name="konstanz_node"
		path={
			2257 1761 69 
		}
		control={
			3774.000000 1250.000000 3800.000000 1280.000000 
		}
	}
	members={
		2260 1131 1119 1123 1134 2246 2259 1771 2255 1124 2254 2257 1137 2237 1112 2276 2275 2245 1759 1117 1116 2248 1118 1120 1130 1115 2241 213 214 1160 1249 2273 2278 2284 1150 1155 2281 1148 1154 2279 1092 2280 2288 1158 2475 1157 2048 211 1142 173 2987 840 1141 1239 210 1159 1146 165 1156 1873 196 175 171 2921 1093 1143 4128 2269 2292 2287 
	}
}
vienna_node={
	location=2172
	color={
		220 220 220 
	}
	outgoing={
		name="prague_node"
		path={
			680 2180 134 2866 2870 2848 781 
		}
		control={
			4428.000000 1341.000000 4376.000000 1358.000000 4376.000000 1389.000000 4351.000000 1417.000000 4316.000000 1457.000000 4318.000000 1489.000000 
		}
	}
	members={
		2179 2181 665 693 2172 168 2161 2168 673 680 2180 134 190 2171 1829 726 2151 686 900 914 2137 1094 1833 1086 2146 723 185 685 128 1821 2140 1822 2145 2139 2142 703 1816 2157 670 942 944 958 691 915 945 203 204 
	}
}
innsbruck_node={
	location=2174
	color={
		170 43 21 
	}
	outgoing={
		name="augsburg_node"
		path={
			911 65 2956 
		}
		control={
			4014.000000 1289.000000 3996.000000 1355.000000 
		}
	}
	members={
		489 1013 192 4230 2071 735 186 172 73 2174 1840 2176 2745 737 987 2147 669 182 2152 957 76 2148 2735 1824 684 4124 2556 2513 180 4114 2112 2153 199 2554 955 1845 2550 2726 179 184 2557 44 2113 683 198 1072 1073 2753 2437 197 2744 
	}
}
augsburg_node={
	location=2956
	color={
		30 198 141 
	}
	outgoing={
		name="stuttgart_node"
		path={
			2326 2519 1999 70 1758 2458 
		}
		control={
			3964.000000 1361.000000 3933.000000 1368.000000 3909.000000 1375.000000 3860.000000 1390.000000 3832.000000 1383.000000 
		}
	}
	outgoing={
		name="nurnberg_node"
		path={
			65 2525 2991 2542 2967 
		}
		control={
			3996.000000 1355.000000 3981.000000 1389.000000 4014.000000 1408.000000 4029.000000 1445.000000 
		}
	}
	members={
		2519 2985 948 119 2326 2474 357 679 2170 103 358 2325 1762 2685 64 71 2158 671 1757 79 2956 2586 905 911 2525 65 2518 959 904 2431 2672 2430 2545 2991 87 1061 88 89 609 1744 1037 901 733 2553 953 912 913 2555 194 195 903 4113 2175 
	}
}
konstanz_node={
	location=69
	color={
		18 59 138 
	}
	outgoing={
		name="stuttgart_node"
		path={
			1761 2184 2994 1103 2458 
		}
		control={
			3800.000000 1280.000000 3808.000000 1318.000000 3811.000000 1337.000000 3813.000000 1367.000000 
		}
	}
	members={
		2136 1038 617 631 2955 699 1871 618 2473 439 1196 1869 2451 166 2449 341 2695 359 2979 1875 105 2981 75 1761 69 2114 1870 2954 339 60 51 720 632 215 217 549 543 2457 1863 952 1745 1746 2993 2969 2184 2454 1860 2751 962 2032 236 238 698 235 701 219 209 1882 1198 1880 1868 
	}
}
stuttgart_node={
	location=2458
	color={
		111 162 128 
	}
	outgoing={
		name="frankfurt_node"
		path={
			340 336 2462 335 163 1943 
		}
		control={
			3804.000000 1413.000000 3807.000000 1449.000000 3807.000000 1477.000000 3781.000000 1491.000000 3782.000000 1514.000000 
		}
	}
	members={
		2994 47 2450 46 1103 94 2458 86 1758 340 2982 70 2984 123 126 2529 84 1102 351 1872 709 354 2455 93 2459 350 2463 72 1826 125 124 337 268 2536 1034 122 481 482 483 1071 4129 62 2021 1848 2727 1933 58 2964 120 1041 96 1999 
	}
}
nurnberg_node={
	location=2967
	color={
		243 112 15 
	}
	outgoing={
		name="frankfurt_node"
		path={
			2544 2523 275 78 770 1943 
		}
		control={
			3976.000000 1498.000000 3904.000000 1516.000000 3866.000000 1532.000000 3830.000000 1522.000000 3806.000000 1543.000000 
		}
	}
	outgoing={
		name="leipzig_node"
		path={
			2544 63 208 2858 232 
		}
		control={
			3976.000000 1498.000000 3949.000000 1548.000000 3953.000000 1581.000000 3960.000000 1619.000000 
		}
	}
	members={
		2967 621 941 67 2754 369 66 2544 1748 1978 951 2523 937 227 1851 225 63 6 949 218 2011 3 938 2547 1070 2733 1879 2552 2542 167 1069 2432 466 1074 1064 2526 1979 932 131 2680 1743 1036 2100 2543 2957 2524 177 178 950 253 139 2546 830 2810 216 208 1227 2771 1129 787 1984 
	}
}
frankfurt_node={
	location=1943
	color={
		243 201 33 
	}
	outgoing={
		name="aachen_node"
		path={
			164 2468 23 1011 2006 2510 2997 2995 
		}
		control={
			3774.000000 1542.000000 3732.000000 1531.000000 3679.000000 1522.000000 3622.000000 1543.000000 3594.000000 1574.000000 3571.000000 1594.000000 3557.000000 1606.000000 
		}
	}
	outgoing={
		name="lippstadt_node"
		path={
			164 334 2469 2506 82 279 
		}
		control={
			3774.000000 1542.000000 3755.000000 1559.000000 3739.000000 1615.000000 3736.000000 1651.000000 3736.000000 1676.000000 
		}
	}
	members={
		164 770 1943 18 346 2460 149 2467 298 159 151 343 1764 2986 2405 763 2962 2099 272 78 275 347 25 16 281 335 163 2468 762 278 1941 2752 344 2464 342 334 1942 11 8 10 5 2462 2732 1981 1104 315 23 4126 4125 4123 4111 4122 336 2406 2385 
	}
}
metz_node={
	location=34
	color={
		165 192 255 
	}
	outgoing={
		name="aachen_node"
		path={
			299 928 2516 888 2412 2995 
		}
		control={
			3556.000000 1454.000000 3566.000000 1489.000000 3579.000000 1524.000000 3554.000000 1561.000000 3531.000000 1598.000000 
		}
	}
	outgoing={
		name="champagne_node"
		path={
			27 873 1776 4031 183 
		}
		control={
			3523.000000 1421.000000 3481.000000 1439.000000 3445.000000 1436.000000 3413.000000 1374.000000 
		}
	}
	members={
		1945 1944 289 302 292 2665 297 295 537 2101 536 310 1959 2376 605 36 2537 294 2749 35 2692 997 2575 34 300 2573 30 869 996 33 273 29 2574 2480 2035 2477 31 2482 2483 27 467 1958 2408 4116 4115 2447 4117 189 32 980 2568 265 2572 592 132 2958 309 606 38 37 311 293 1960 2377 296 1752 274 540 1961 
	}
}
aachen_node={
	location=2995
	color={
		157 51 167 
	}
	outgoing={
		name="antwerp_node"
		path={
			285 2975 2527 2729 1672 
		}
		control={
			3522.000000 1622.000000 3482.000000 1633.000000 3436.000000 1659.000000 3398.000000 1664.000000 
		}
	}
	members={
		2502 2995 2997 2510 161 2006 2598 1011 77 1938 922 893 2534 1859 2516 894 256 888 919 2728 2528 1016 895 259 2412 285 2963 2411 2515 2532 2514 2407 1841 1742 2620 909 2008 1878 1951 2424 41 276 114 920 2511 2530 928 17 771 24 607 188 287 299 2488 1760 269 4112 181 873 283 1776 1930 157 291 160 
	}
}
beograd_node={
	location=588
	color={
		116 107 140 
	}
	outgoing={
		name="budapest_node"
		path={
			2027 2080 552 2445 2427 1075 538 2366 576 444 
		}
		control={
			5025.000000 771.000000 4983.000000 838.000000 4903.000000 858.000000 4850.000000 917.000000 4786.000000 972.000000 4773.000000 1025.000000 4752.000000 1077.000000 4771.000000 1166.000000 4750.000000 1233.000000 
		}
	}
	outgoing={
		name="krakow_node"
		path={
			1046 491 661 2401 2748 2165 585 1015 2065 1832 1811 1772 1140 
		}
		control={
			5149.000000 701.000000 5152.000000 786.000000 5182.000000 873.000000 5226.000000 910.000000 5250.000000 985.000000 5340.000000 979.000000 5419.000000 1001.000000 5429.000000 1061.000000 5396.000000 1135.000000 5313.000000 1257.000000 5307.000000 1321.000000 5256.000000 1346.000000 
		}
	}
	members={
		539 491 522 583 584 588 610 615 616 678 745 1042 1043 4288 1046 1047 1844 2027 2061 2070 2122 2132 2133 2135 2039 2438 2080 613 563 2096 2064 1947 552 547 561 2043 553 2400 2131 2116 558 2045 2166 510 2429 2167 661 660 353 675 602 585 2165 2800 587 2396 2748 2401 2630 676 2381 2445 
	}
}
budapest_node={
	location=444
	color={
		152 85 92 
	}
	outgoing={
		name="krakow_node"
		path={
			2361 1967 476 2227 2127 2224 
		}
		control={
			4822.000000 1273.000000 4866.000000 1305.000000 4957.000000 1297.000000 5019.000000 1299.000000 5049.000000 1364.000000 
		}
	}
	members={
		444 438 445 455 456 576 1967 2068 2350 2357 2358 2359 2366 2370 472 2369 2069 2225 2853 739 508 447 2074 2229 2441 538 2227 2361 1973 442 459 513 1969 2125 2364 554 440 2797 437 1966 2427 450 2228 2128 448 2497 2072 1076 1078 441 2362 449 2434 2428 512 2031 452 2624 2352 1970 2356 457 2351 471 2353 458 476 460 2126 478 479 2354 2073 514 1075 2127 1968 451 453 454 577 2363 509 
	}
}
lippstadt_node={
	location=279
	color={
		255 211 241 
	}
	outgoing={
		name="hamburg_node"
		path={
			2616 879 154 2988 1854 381 148 1335 
		}
		control={
			3724.000000 1727.000000 3738.000000 1775.000000 3762.000000 1812.000000 3771.000000 1861.000000 3787.000000 1891.000000 3781.000000 1927.000000 3787.000000 1945.000000 
		}
	}
	outgoing={
		name="antwerp_node"
		path={
			2508 2505 1809 162 2501 156 2409 1856 95 1672 
		}
		control={
			3699.000000 1695.000000 3654.000000 1686.000000 3627.000000 1687.000000 3605.000000 1703.000000 3562.000000 1717.000000 3521.000000 1707.000000 3498.000000 1697.000000 3470.000000 1687.000000 3408.000000 1695.000000 
		}
	}
	outgoing={
		name="hannover_node"
		path={
			2399 2512 2155 2219 2230 
		}
		control={
			3767.000000 1676.000000 3811.000000 1702.000000 3824.000000 1732.000000 3846.000000 1742.000000 
		}
	}
	members={
		2399 865 82 279 146 2506 158 4 2512 2972 1853 135 2130 877 1954 2504 1809 1940 876 867 1953 141 2493 1203 2491 2973 2616 147 705 2508 1936 2505 261 2378 2998 866 879 56 940 2691 7 26 931 1985 2999 2155 1107 2490 40 1935 39 270 121 1937 277 260 2469 2541 935 927 2466 2520 280 162 2501 4110 377 1318 316 
	}
}
prague_node={
	location=781
	color={
		181 159 60 
	}
	outgoing={
		name="leipzig_node"
		path={
			782 808 2860 810 2806 2835 1228 2851 376 232 
		}
		control={
			4277.000000 1545.000000 4256.000000 1560.000000 4216.000000 1557.000000 4176.000000 1561.000000 4137.000000 1586.000000 4105.000000 1583.000000 4052.000000 1605.000000 4021.000000 1627.000000 3986.000000 1622.000000 
		}
	}
	outgoing={
		name="danzig_node"
		path={
			2307 2331 2793 
		}
		control={
			4723.000000 1886.000000 4748.000000 1917.000000 
		}
	}
	outgoing={
		name="berlin_node"
		path={
			2861 2846 2842 2805 834 1190 468 463 2640 2652 
		}
		control={
			4323.000000 1566.000000 4300.000000 1585.000000 4308.000000 1612.000000 4282.000000 1644.000000 4282.000000 1666.000000 4254.000000 1688.000000 4238.000000 1717.000000 4212.000000 1751.000000 4190.000000 1775.000000 
		}
	}
	members={
		2863 2877 2872 2870 2848 2866 2206 416 782 2869 2860 781 2861 2844 2847 2883 795 2878 2837 2842 2846 2944 810 808 806 2970 2836 785 2871 2876 778 2831 792 2841 2867 2859 775 2914 2941 2838 2911 760 2912 755 2895 2832 2893 776 768 803 2940 2202 288 2905 2904 820 2820 757 819 2414 2943 2660 2663 2815 2826 815 2823 2825 2945 2908 301 818 817 812 2814 2817 826 813 822 816 2821 2822 1971 307 
	}
}
leipzig_node={
	location=232
	color={
		155 147 180 
	}
	outgoing={
		name="hannover_node"
		path={
			2926 371 2646 1032 434 140 2230 
		}
		control={
			3980.000000 1652.000000 3926.000000 1667.000000 3918.000000 1687.000000 3899.000000 1702.000000 3915.000000 1724.000000 3899.000000 1758.000000 
		}
	}
	outgoing={
		name="berlin_node"
		path={
			2926 2965 252 2857 2929 59 2640 2652 
		}
		control={
			3980.000000 1652.000000 4040.000000 1649.000000 4078.000000 1669.000000 4127.000000 1687.000000 4133.000000 1709.000000 4143.000000 1745.000000 4190.000000 1775.000000 
		}
	}
	members={
		831 2857 252 206 221 230 224 1750 222 2879 2939 240 747 2929 829 245 249 2804 2811 2931 2803 246 244 2937 502 2889 741 2809 2835 2806 61 2323 2807 248 372 250 2884 373 374 1226 375 1232 376 2965 2852 1228 251 2851 229 1749 232 207 231 2858 2926 2890 4120 4118 2416 
	}
}
hannover_node={
	location=2230
	color={
		164 217 127 
	}
	outgoing={
		name="hamburg_node"
		path={
			1831 382 2971 379 364 628 1335 
		}
		control={
			3857.000000 1794.000000 3843.000000 1813.000000 3815.000000 1823.000000 3819.000000 1869.000000 3824.000000 1904.000000 3833.000000 1929.000000 
		}
	}
	members={
		2647 382 1831 1855 2230 1775 2646 2645 152 2219 2629 3002 434 1204 408 1773 430 3003 140 1205 2644 852 2794 2971 155 1982 2648 2628 81 2774 848 144 1055 143 1827 138 223 226 2874 1747 2925 2899 371 370 1032 2736 2154 2741 153 154 878 52 2938 842 2314 2694 4131 
	}
}
hamburg_node={
	location=1335
	color={
		227 95 7 
	}
	outgoing={
		name="lubeck_node"
		path={
			1084 362 1874 1607 
		}
		control={
			3896.000000 1924.000000 3917.000000 1938.000000 3959.000000 1963.000000 
		}
	}
	members={
		2210 1084 2690 2319 1233 2317 1857 362 629 2627 628 1029 2704 1027 348 2382 116 625 2007 429 1854 1849 764 379 364 148 381 1765 1925 54 2988 55 2827 2750 3000 907 2213 1335 908 15 2215 2383 2203 2204 462 2746 2976 1864 286 2205 414 2217 100 1931 413 254 1766 875 2212 417 1990 1238 2696 
	}
}
berlin_node={
	location=2652
	color={
		123 90 90 
	}
	outgoing={
		name="danzig_node"
		path={
			2662 50 2635 2661 2783 2795 43 2790 402 
		}
		control={
			4227.000000 1813.000000 4280.000000 1811.000000 4321.000000 1833.000000 4395.000000 1840.000000 4483.000000 1874.000000 4558.000000 1889.000000 4568.000000 1925.000000 4642.000000 1989.000000 
		}
	}
	outgoing={
		name="lubeck_node"
		path={
			2634 845 746 2310 854 1607 
		}
		control={
			4171.000000 1816.000000 4158.000000 1846.000000 4085.000000 1871.000000 4066.000000 1917.000000 4030.000000 1952.000000 
		}
	}
	members={
		2652 2662 2640 2933 241 2934 2634 845 234 239 746 233 843 406 2923 2631 2649 2935 2442 2636 1861 589 2650 839 50 242 2197 59 626 1755 304 463 468 1956 827 2664 835 263 828 1778 2635 2661 2638 834 1190 2833 2805 2492 1858 2208 859 49 838 880 889 2507 2198 881 2417 2666 48 2201 858 883 2642 860 410 882 2199 2009 
	}
}
krakow_node={
	location=608
	color={
		215 48 48 
	}
	outgoing={
		name="turov_node"
		path={
			2626 4249 4250 4283 4247 4282 
		}
		control={
			5199.000000 1562.000000 5245.000000 1616.000000 5294.000000 1674.000000 5303.000000 1737.000000 5335.000000 1792.000000 
		}
	}
	members={
		608 2017 1077 604 1140 620 1149 633 2626 2738 2500 2224 145 1772 766 2517 961 2282 97 2244 2419 4033 965 1962 2618 2016 2311 2637 409 2300 2763 2930 1085 1035 2653 1789 329 2195 308 2633 2415 2196 2799 1811 1832 847 1185 636 2065 4119 1015 2928 
	}
}
turov_node={
	location=4282
	color={
		132 160 94 
	}
	outgoing={
		name="riga_node"
		path={
			4239 4267 1939 2551 1152 420 2843 2868 712 
		}
		control={
			5380.000000 1865.000000 5309.000000 1901.000000 5354.000000 1967.000000 5273.000000 2004.000000 5256.000000 2064.000000 5322.000000 2113.000000 5255.000000 2202.000000 5254.000000 2259.000000 
		}
	}
	members={
		4235 4236 4237 4238 4239 4240 4241 4242 4243 4244 4245 4246 4247 4248 4249 4250 4251 4252 4253 4254 4255 4256 4257 4258 4259 4260 4261 4262 4263 4264 4265 4266 4267 4268 4269 4270 4271 4272 4273 4274 4276 4277 4278 4279 4280 4281 4282 4283 4284 4285 4292 4291 4290 4289 
	}
}
danzig_node={
	location=402
	color={
		78 129 151 
	}
	outgoing={
		name="lubeck_node"
		path={
			2789 1591 1469 1599 1606 1607 
		}
		control={
			4635.000000 2036.000000 4504.000000 2053.000000 4372.000000 2004.000000 4255.000000 1998.000000 4111.000000 2016.000000 
		}
	}
	outgoing={
		name="riga_node"
		path={
			390 386 2221 2855 2862 397 712 
		}
		control={
			4858.000000 2061.000000 4944.000000 2131.000000 4968.000000 2207.000000 5028.000000 2224.000000 5158.000000 2218.000000 5179.000000 2256.000000 
		}
	}
	members={
		2764 2331 2329 399 384 2330 2343 2328 2902 391 388 2793 402 2765 2767 43 2790 2789 2307 2494 2772 1224 2760 2770 1223 4052 1213 1217 2761 2758 2759 2785 1207 2757 1218 2756 1210 2779 2795 2783 380 412 53 850 1138 2301 1993 593 2266 2304 2658 706 2302 2769 2768 2632 2207 4275 
	}
}
riga_node={
	location=712
	color={
		243 236 244 
	}
	outgoing={
		name="lubeck_node"
		path={
			1465 1466 1467 1586 1468 1597 1584 1608 1592 1607 
		}
		control={
			4879.000000 2293.000000 4790.000000 2270.000000 4678.000000 2269.000000 4560.000000 2257.000000 4468.000000 2232.000000 4372.000000 2169.000000 4284.000000 2134.000000 4192.000000 2071.000000 4082.000000 2038.000000 
		}
	}
	members={
		419 712 780 799 804 807 910 1152 1939 1965 2014 2221 2290 2476 2830 2845 2849 2947 814 397 398 756 794 2121 2192 2887 2918 2919 2471 2946 2020 2840 2551 2392 420 2059 2868 988 2907 2906 387 394 390 386 2338 486 995 1091 1948 2211 2903 2900 2888 2875 2862 2855 2843 2834 2829 2816 
	}
}
bordeaux_node={
	location=1363
	color={
		81 30 243 
	}
	outgoing={
		name="tours_node"
		path={
			1266 710 1229 2489 
		}
		control={
			2887.000000 1125.000000 2989.000000 1132.000000 3040.000000 1176.000000 
		}
	}
	members={
		4102 2324 774 2796 1767 4109 4068 4100 832 4103 2289 2787 4077 2910 758 2780 4072 2801 2802 2776 4064 1222 4070 4066 4067 4069 4059 4054 4044 322 2423 1363 4062 2162 4106 4101 2909 4099 4057 825 4104 4095 681 4075 4074 836 4090 4108 4107 4096 2169 4089 710 4088 1273 1258 1272 1274 1276 1277 1278 1279 1280 1281 1282 
	}
}
tours_node={
	location=2489
	color={
		126 124 226 
	}
	outgoing={
		name="champagne_node"
		path={
			2088 2818 2824 4035 1264 1306 183 
		}
		control={
			3137.000000 1233.000000 3191.000000 1294.000000 3236.000000 1316.000000 3299.000000 1352.000000 3338.000000 1372.000000 3361.000000 1377.000000 
		}
	}
	outgoing={
		name="dublin_node"
		path={
			2163 1166 4078 936 1372 1397 1359 1376 1373 
		}
		control={
			2949.000000 1262.000000 2870.000000 1322.000000 2829.000000 1350.000000 2752.000000 1354.000000 2737.000000 1412.000000 2572.000000 1469.000000 2497.000000 1566.000000 2486.000000 1766.000000 
		}
	}
	members={
		2818 1174 2088 1175 2489 1183 1177 2949 672 688 2856 2864 4098 2163 2913 1191 2177 4087 868 4092 1229 1171 2067 798 4081 1216 4042 2824 4121 4093 4091 2003 4097 1165 2173 2063 4105 1168 1164 2294 1151 1169 1166 4078 4079 936 4080 1167 1170 136 2144 809 805 1255 1265 1266 1267 
	}
}
champagne_node={
	location=183
	color={
		95 24 226 
	}
	outgoing={
		name="antwerp_node"
		path={
			4025 1161 91 92 90 1672 
		}
		control={
			3330.000000 1453.000000 3329.000000 1547.000000 3338.000000 1580.000000 3337.000000 1619.000000 3343.000000 1648.000000 
		}
	}
	members={
		4035 4049 754 1199 4031 4023 1194 750 183 4025 4020 4024 4022 753 4021 1197 1792 1200 548 2960 4082 1172 2948 2156 4084 694 2762 2927 1901 2540 918 4083 314 142 4085 1957 2766 2784 748 751 4051 2886 4060 2897 811 1099 1097 793 1100 1201 1214 1252 1253 1254 1306 1264 1259 1257 1256 
	}
}
dublin_node={
	location=1391
	color={
		6 127 2 
	}
	outgoing={
		name="london_node"
		path={
			2452 2448 2242 424 2258 1145 986 2272 2268 
		}
		control={
			2596.000000 1891.000000 2635.000000 1868.000000 2703.000000 1852.000000 2755.000000 1830.000000 2811.000000 1837.000000 2852.000000 1784.000000 2880.000000 1725.000000 2924.000000 1729.000000 
		}
	}
	members={
		921 2959 891 258 2305 2668 2308 772 2798 575 2373 422 324 2327 426 150 333 2775 857 2496 885 862 837 127 393 2345 773 841 861 247 2209 855 853 2737 2312 2321 2622 2495 2617 856 2619 2614 542 282 345 405 674 721 887 978 1105 1114 1777 2083 2239 2285 2293 643 641 2681 2712 2715 2989 3001 108 2452 2448 2360 2242 2267 1756 667 349 1876 1823 1067 266 2781 664 662 579 2372 574 1101 1998 572 1040 1865 1044 102 1391 1390 1373 1374 1389 1439 1377 1440 1376 1388 338 2465 2548 1039 1751 2625 2026 28 2375 2533 2413 3190 
	}
}
london_node={
	location=2268
	color={
		202 26 26 
	}
	outgoing={
		name="antwerp_node"
		path={
			1734 1675 1674 1672 
		}
		control={
			3103.000000 1705.000000 3188.000000 1715.000000 3309.000000 1721.000000 
		}
	}
	members={
		2141 696 2143 1838 695 2115 722 1133 2611 495 497 498 2268 2274 1997 2107 2188 986 2272 2571 2564 1242 2566 1796 1145 21 2439 477 2621 923 933 916 846 1799 2689 2609 2481 1139 85 212 1110 83 2591 2592 2470 2261 1125 2247 2256 2295 963 1162 1842 2240 1113 2238 2258 2250 1132 2651 2461 2004 2596 2535 22 2005 627 884 2499 118 320 396 421 424 634 4227 783 786 790 
	}
}
antwerp_node={
	location=1672
	color={
		118 193 153 
	}
	members={
		2527 2729 262 2538 930 1057 95 1856 331 330 418 407 2539 897 1866 255 92 90 929 896 91 1090 327 1672 317 98 1846 1056 328 326 325 2299 2306 332 156 99 257 2478 2409 1248 635 1161 892 2509 934 2975 
	}
	end=yes
}
lubeck_node={
	location=1607
	color={
		156 179 189 
	}
	members={
		14 13 1874 365 2315 45 2310 2667 12 854 1983 2996 2309 2643 415 360 2320 2316 361 2606 1852 1050 2078 2578 657 2384 975 1231 2389 363 658 1987 1607 851 2623 2641 2697 654 4130 656 2961 2699 243 863 864 378 2410 2232 823 2808 802 2700 2698 170 2313 2812 2657 2731 2303 2730 2498 2615 724 411 1850 1802 1807 1810 1994 1991 2200 1934 1950 1794 1795 
	}
	end=yes
}
